TYPE : VRP
DIMENSION : 30
EDGE_WEIGHT_TYPE : ATT 
CAPACITY : 99
NODE_COORD_SECTION
1 75 96
2 92 72
3 74 73
4 94 81
5 67 100
6 86 77
7 81 66
8 57 56
9 93 56
10 80 61
11 88 62
12 81 60
13 57 64
14 56 77
15 71 67
16 87 59
17 100 80
18 77 72
19 87 72
20 68 89
21 75 80
22 96 100
23 97 54
24 95 61
25 100 71
26 87 85
27 83 61
28 97 62
29 54 74
30 93 50
DEMAND_SECTION
1 6
2 3
3 19
4 19
5 5
6 19
7 20
8 3
9 16
10 8
11 13
12 14
13 12
14 2
15 0
16 10
17 9
18 6
19 16
20 3
21 11
22 2
23 17
24 17
25 12
26 11
27 9
28 7
29 9
30 5
DEPOT_SECTION
1
-1
EOF